       12350.00   3.83947e-15
       12400.00   3.01396e-15
       12450.00   2.64838e-15
       12500.00   3.12707e-15
       12550.00   3.19167e-15
       12600.00   2.44093e-15
       12650.00   3.24012e-15
       12700.00   3.42013e-15
       12750.00   3.93495e-15
       12800.00   2.82319e-15
       12850.00   2.52227e-15
       12900.00   2.37585e-15
       12950.00   1.96729e-15
       13000.00   2.04593e-15
       13050.00   1.97195e-15
       13100.00   1.75085e-15
       13150.00   2.22654e-15
       13200.00   2.43409e-15
       13250.00   1.90108e-15
       13300.00   1.53253e-15
       13350.00   1.61950e-15
       13400.00   2.02034e-15
       13450.00   2.19865e-15
       13500.00   2.00520e-15
       13550.00   2.08124e-15
       13600.00   2.04856e-15
       13650.00   1.42705e-15
       13700.00   1.46487e-15
       13750.00   1.81722e-15
       13800.00   2.01431e-15
       13850.00   1.51710e-15
       13900.00   1.76848e-15
       13950.00   2.06698e-15
       14000.00   1.43356e-15
       14050.00   1.02600e-15
       14100.00   1.51840e-15
       14150.00   1.34583e-15
       14200.00   1.83543e-15
       14250.00   1.68873e-15
       14300.00   2.18554e-15
       14350.00   1.77131e-15
       14400.00   1.52725e-15
       14450.00   2.28941e-15
       14500.00   1.67864e-15
       14550.00   2.13282e-15
       14600.00   2.20924e-15
       14650.00   2.05215e-15
       14700.00   2.37338e-15
       14750.00   2.56353e-15
       14800.00   2.97299e-15
       14850.00   2.05330e-15
       14900.00   1.62611e-15
       14950.00   1.34823e-15
       15000.00   1.69268e-15
       15050.00   2.50881e-15
       15100.00   1.80420e-15
       15150.00   1.25241e-15
       15200.00   1.35366e-15
       15250.00   1.71199e-15
       15300.00   2.65560e-15
       15350.00   2.04347e-15
       15400.00   1.45000e-15
       15450.00   2.32190e-15
       15500.00   2.13163e-15
       15550.00   1.35992e-15
       15600.00   9.86271e-16
       15650.00   1.18972e-15
       15700.00   1.50144e-15
       15750.00   1.74436e-15
       15800.00   1.71762e-15
       15850.00   1.64373e-15
       15900.00   2.62768e-15
       15950.00   2.76364e-15
       16000.00   1.81288e-15
       16050.00   1.09776e-15
       16100.00   1.29257e-15
       16150.00   1.60706e-15
       16200.00   1.60089e-15
       16250.00   1.35741e-15
       16300.00   1.10197e-15
       16350.00   1.53562e-15
       16400.00   2.35282e-15
       16450.00   2.33637e-15
       16500.00   2.35001e-15
       16550.00   1.49216e-15
       16600.00   2.00976e-15
       16650.00   2.04153e-15
       16700.00   1.63049e-15
       16750.00   8.36789e-16
       16800.00   1.05976e-15
       16850.00   1.56515e-15
       16900.00   1.29257e-15
       16950.00   1.01146e-15
       17000.00   1.28040e-15
       17050.00   1.38796e-15
       17100.00   1.17487e-15
       17150.00   1.67829e-15
       17200.00   2.42654e-15
       17250.00   2.17624e-15
       17300.00   2.69696e-15
       17350.00   2.34327e-15
       17400.00   1.43997e-15
       17450.00   1.24461e-15
       17500.00   1.64690e-15
       17550.00   1.63592e-15
       17600.00   1.71089e-15
       17650.00   1.23250e-15
       17700.00   1.88569e-15
       17750.00   1.69251e-15
       17800.00   1.49702e-15
       17850.00   1.50541e-15
       17900.00   1.67081e-15
       17950.00   1.70632e-15
       18000.00   2.16603e-15
       18050.00   3.28541e-15
       18100.00   2.87480e-15
       18150.00   1.93006e-15
       18200.00   1.02078e-15
       18250.00   1.12944e-15
       18300.00   1.29046e-15
       18350.00   8.53035e-16
       18400.00   7.83169e-16
       18450.00   6.53373e-16
       18500.00   8.41337e-16
       18550.00   1.27635e-15
       18600.00   1.34412e-15
       18650.00   1.14097e-15
       18700.00   1.09731e-15
       18750.00   8.75973e-16
       18800.00   9.47558e-16
       18850.00   1.10896e-15
       18900.00   1.07820e-15
       18950.00   9.84672e-16
       19000.00   1.04417e-15
       19050.00   1.10482e-15
       19100.00   8.05429e-16
       19150.00   7.00636e-16
       19200.00   6.75049e-16
       19250.00   6.45366e-16
       19300.00   7.45485e-16
       19350.00   1.34898e-15
       19400.00   1.90599e-15
       19450.00   1.88216e-15
       19500.00   1.78369e-15
       19550.00   2.27676e-15
       19600.00   3.40847e-15
       19650.00   2.89569e-15
       19700.00   1.76753e-15
       19750.00   6.47803e-16
       19800.00   1.07766e-15
       19850.00   9.85834e-16
       19900.00   2.63700e-15
       19950.00   3.14552e-15
       20000.00   1.97019e-15
       20050.00   1.19198e-15
       20100.00   1.09475e-15
       20150.00   8.60523e-16
       20200.00   2.20170e-15
       20250.00   2.98727e-15
       20300.00   1.17680e-15
       20350.00   3.11288e-15
       20400.00   1.44264e-15
       20450.00   1.95444e-15
       20500.00   2.18431e-15
       20550.00   4.05296e-15
       20600.00   2.44237e-15
       20650.00   2.25785e-15
       20700.00   3.11023e-15
       20750.00   2.41423e-15
       20800.00   3.43767e-15
       20850.00   1.78796e-15
       20900.00   1.22587e-15
       20950.00   4.74034e-16
       21000.00   9.83921e-16
       21050.00   9.15049e-16
       21100.00   7.33841e-16
       21150.00   1.02353e-15
       21200.00   2.59873e-15
       21250.00   1.55807e-15
       21300.00   1.21901e-15
       21350.00   2.09502e-15
       21400.00   2.79053e-15
       21450.00   1.17474e-15
       21500.00   7.85921e-16
       21550.00   1.05144e-15
       21600.00   1.75147e-15
       21650.00   3.32385e-15
       21700.00   2.45901e-15
       21750.00   1.97085e-15
       21800.00   1.84424e-15
       21850.00   2.01527e-15
       21900.00   1.58213e-15
       21950.00   2.22889e-15
       22000.00   3.22139e-15
       22050.00   2.72378e-15
       22100.00   1.25988e-15
       22150.00   1.96857e-15
       22200.00   3.09743e-15
       22250.00   1.82843e-15
       22300.00   2.31889e-15
       22350.00   3.14838e-15
       22400.00   3.36398e-15
       22450.00   2.42621e-15
       22500.00   3.60481e-15
       22550.00   2.41061e-15
       22600.00   1.18974e-15
       22650.00   1.37060e-15
       22700.00   3.16917e-15
       22750.00   3.18701e-15
       22800.00   2.06990e-15
       22850.00   2.12783e-15
       22900.00   2.35646e-15
       22950.00   1.08072e-15
       23000.00   1.45385e-15
       23050.00   2.45316e-15
       23100.00   1.95027e-15
       23150.00   1.75309e-15
       23200.00   1.77625e-15
       23250.00   1.69279e-15
       23300.00   1.50932e-15
       23350.00   1.19010e-15
       23400.00   9.00596e-16
       23450.00   1.31074e-15
       23500.00   1.05805e-15
       23550.00   8.61741e-16
       23600.00   9.82102e-16
       23650.00   8.92755e-16
       23700.00   1.12737e-15
       23750.00   6.22406e-16
       23800.00   1.68495e-15
       23850.00   6.77407e-16
       23900.00   7.49012e-16
       23950.00   1.01872e-15
       24000.00   9.84126e-16
       24050.00   9.53430e-16
       24100.00   9.52315e-16
       24150.00   1.23552e-15
       24200.00   1.22885e-15
       24250.00   1.59909e-15
       24300.00   1.36401e-15
       24350.00   1.04068e-15
       24400.00   1.54502e-15
       24450.00   1.81109e-15
       24500.00   1.31633e-15
       24550.00   1.10869e-15
       24600.00   7.24903e-16
       24650.00   1.05432e-15
       24700.00   1.12417e-15
       24750.00   1.12789e-15
       24800.00   9.92943e-16
       24850.00   1.00200e-15
       24900.00   1.07269e-15
       24950.00   1.20573e-15
       25000.00   7.39415e-16
       25050.00   9.62781e-16
       25100.00   8.54052e-16
       25150.00   8.08707e-16
       25200.00   5.82145e-16
       25250.00   5.68113e-16
       25300.00   7.04269e-16
       25350.00   1.02630e-15
       25400.00   9.90309e-16
       25450.00   8.65727e-16
       25500.00   1.02323e-15
       25550.00   6.97029e-16
       25600.00   7.95001e-16
       25650.00   9.62878e-16
       25700.00   1.04221e-15
       25750.00   1.10153e-15
       25800.00   1.21687e-15
       25850.00   1.26505e-15
       25900.00   1.22432e-15
       25950.00   1.45969e-15
       26000.00   1.30378e-15
       26050.00   1.09140e-15
       26100.00   1.54191e-15
       26150.00   1.38553e-15
       26200.00   9.57079e-16
       26250.00   1.36916e-15
       26300.00   1.69299e-15
       26350.00   1.78390e-15
       26400.00   1.68046e-15
       26450.00   2.08951e-15
       26500.00   2.12691e-15
       26550.00   2.04195e-15
       26600.00   1.91954e-15
       26650.00   1.76562e-15
       26700.00   1.74482e-15
       26750.00   1.53261e-15
       26800.00   1.67172e-15
       26850.00   1.96592e-15
       26900.00   2.20852e-15
       26950.00   2.10339e-15
       27000.00   1.95943e-15
       27050.00   1.83413e-15
       27100.00   1.56160e-15
       27150.00   1.49475e-15
       27200.00   1.56220e-15
       27250.00   1.25500e-15
       27300.00   1.28146e-15
       27350.00   1.52921e-15
       27400.00   1.40629e-15
       27450.00   1.28141e-15
       27500.00   1.55544e-15
       27550.00   1.88849e-15
       27600.00   1.79507e-15
       27650.00   1.79090e-15
       27700.00   1.83292e-15
       27750.00   1.70013e-15
       27800.00   1.69660e-15
       27850.00   1.10467e-15
       27900.00   1.06911e-15
       27950.00   1.10251e-15
       28000.00   1.11086e-15
       28050.00   1.16201e-15
       28100.00   1.62799e-15
       28150.00   1.73862e-15
       28200.00   1.89059e-15
       28250.00   2.02402e-15
       28300.00   1.90121e-15
       28350.00   1.86941e-15
       28400.00   1.83473e-15
       28450.00   1.64656e-15
       28500.00   1.48995e-15
       28550.00   1.65729e-15
       28600.00   1.88857e-15
       28650.00   1.94148e-15
       28700.00   1.94941e-15
       28750.00   2.34101e-15
       28800.00   2.36663e-15
       28850.00   2.12726e-15
       28900.00   2.24586e-15
       28950.00   2.79010e-15
       29000.00   3.06589e-15
       29050.00   3.15433e-15
       29100.00   2.93144e-15
       29150.00   2.84128e-15
       29200.00   2.66906e-15
       29250.00   2.71407e-15
       29300.00   2.68978e-15
       29350.00   2.52418e-15
       29400.00   3.04950e-15
       29450.00   3.10872e-15
       29500.00   2.99031e-15
       29550.00   3.13611e-15
       29600.00   2.83189e-15
       29650.00   3.03845e-15
       29700.00   3.21205e-15
       29750.00   3.13121e-15
       29800.00   2.99231e-15
       29850.00   2.73137e-15
       29900.00   2.47427e-15
       29950.00   2.18676e-15
       30000.00   2.49989e-15
       30050.00   3.25333e-15
       30100.00   3.59099e-15
       30150.00   3.31565e-15
       30200.00   3.05980e-15
       30250.00   3.09727e-15
       30300.00   3.02292e-15
       30350.00   2.87957e-15
       30400.00   3.09016e-15
       30450.00   3.46870e-15
       30500.00   3.37773e-15
       30550.00   2.88679e-15
       30600.00   3.68402e-15
       30650.00   3.90933e-15
       30700.00   3.88751e-15
       30750.00   3.62807e-15
       30800.00   3.37618e-15
       30850.00   3.14264e-15
       30900.00   2.49682e-15
       30950.00   3.07767e-15
       31000.00   4.08384e-15
       31050.00   4.21362e-15
       31100.00   2.74763e-15
       31150.00   3.21635e-15
       31200.00   3.86122e-15
       31250.00   3.68602e-15
       31300.00   2.83527e-15
       31350.00   2.53873e-15
       31400.00   2.84531e-15
       31450.00   3.12336e-15
       31500.00   3.19804e-15
       31550.00   2.25361e-15
       31600.00   2.24875e-15
       31650.00   3.08761e-15
       31700.00   3.95917e-15
       31750.00   3.72502e-15
       31800.00   3.11520e-15
       31850.00   3.38611e-15
       31900.00   3.74266e-15
       31950.00   4.79771e-15
       32000.00   5.60866e-15
       32050.00   5.66143e-15
       32100.00   4.96072e-15
       32150.00   4.66989e-15
       32200.00   7.47835e-15
       32250.00   8.30768e-15
       32300.00   5.50663e-15
       32350.00   4.13943e-15
       32400.00   4.66693e-15
       32450.00   6.00781e-15
       32500.00   5.98836e-15
       32550.00   4.80849e-15
       32600.00   5.70729e-15
       32650.00   5.56119e-15
       32700.00   6.49403e-15
       32750.00   6.69245e-15
       32800.00   7.07775e-15
       32850.00   7.95631e-15
       32900.00   8.33346e-15
       32950.00   8.63753e-15
       33000.00   8.85522e-15
       33050.00   9.02048e-15
       33100.00   8.80383e-15
       33150.00   8.50889e-15
       33200.00   8.36304e-15
       33250.00   8.12044e-15
       33300.00   8.05737e-15
       33350.00   7.84987e-15
       33400.00   7.96561e-15
       33450.00   8.04390e-15
       33500.00   7.89916e-15
       33550.00   7.89076e-15
       33600.00   7.70972e-15
       33650.00   7.30647e-15
       33700.00   7.20096e-15
       33750.00   7.18323e-15
       33800.00   7.23115e-15
       33850.00   7.57030e-15
       33900.00   7.83198e-15
       33950.00   8.00427e-15
       34000.00   8.50785e-15
       34050.00   8.70897e-15
       34100.00   8.50527e-15
       34150.00   8.46650e-15
       34200.00   8.34551e-15
       34250.00   8.32982e-15
       34300.00   8.61660e-15
       34350.00   8.62214e-15
       34400.00   8.41189e-15
       34450.00   8.15867e-15
       34500.00   8.03257e-15
       34550.00   8.16216e-15
       34600.00   8.17493e-15
       34650.00   8.21313e-15
       34700.00   8.36955e-15
       34750.00   8.44494e-15
       34800.00   8.46072e-15
       34850.00   8.45303e-15
       34900.00   8.56682e-15
       34950.00   8.73209e-15
       35000.00   8.56344e-15
       35050.00   8.64690e-15
       35100.00   9.09121e-15
       35150.00   9.24945e-15
       35200.00   9.16135e-15
       35250.00   8.97891e-15
       35300.00   8.98918e-15
       35350.00   9.26044e-15
       35400.00   9.43542e-15
       35450.00   9.54463e-15
       35500.00   9.66921e-15
       35550.00   9.48865e-15
       35600.00   9.05226e-15
       35650.00   8.73111e-15
       35700.00   8.20316e-15
       35750.00   7.63362e-15
       35800.00   7.15554e-15
       35850.00   6.81940e-15
       35900.00   7.16636e-15
       35950.00   7.83948e-15
       36000.00   8.53846e-15
       36050.00   9.11280e-15
       36100.00   9.48322e-15
       36150.00   9.66903e-15
       36200.00   9.83698e-15
       36250.00   1.00939e-14
       36300.00   1.04157e-14
       36350.00   1.05143e-14
       36400.00   1.05331e-14
       36450.00   1.07125e-14
       36500.00   1.08955e-14
       36550.00   1.11916e-14
       36600.00   1.17376e-14
       36650.00   1.23843e-14
       36700.00   1.28578e-14
       36750.00   1.25610e-14
       36800.00   1.19895e-14
       36850.00   1.15299e-14
       36900.00   1.19410e-14
       36950.00   1.23420e-14
       37000.00   1.25709e-14
       37050.00   1.24086e-14
       37100.00   1.22194e-14
       37150.00   1.24967e-14
       37200.00   1.14823e-14
       37250.00   1.15697e-14
       37300.00   1.14957e-14
       37350.00   1.05650e-14
       37400.00   9.44990e-15
       37450.00   9.23753e-15
       37500.00   9.24952e-15
       37550.00   9.96378e-15
       37600.00   1.07314e-14
       37650.00   1.06707e-14
       37700.00   1.06849e-14
       37750.00   1.22584e-14
       37800.00   1.30250e-14
       37850.00   1.27620e-14
       37900.00   1.18030e-14
       37950.00   1.12012e-14
       38000.00   1.06785e-14
       38050.00   1.14100e-14
       38100.00   1.16438e-14
       38150.00   1.03998e-14
       38200.00   9.09730e-15
       38250.00   7.90814e-15
       38300.00   7.03683e-15
       38350.00   6.66701e-15
       38400.00   7.34254e-15
       38450.00   8.38604e-15
       38500.00   8.89254e-15
       38550.00   9.05627e-15
       38600.00   9.05120e-15
       38650.00   9.49659e-15
       38700.00   9.47506e-15
       38750.00   9.53998e-15
       38800.00   9.70288e-15
       38850.00   1.07093e-14
       38900.00   1.17811e-14
       38950.00   1.26586e-14
       39000.00   1.30414e-14
       39050.00   1.33668e-14
       39100.00   1.40406e-14
       39150.00   1.41462e-14
       39200.00   1.28542e-14
       39250.00   1.05162e-14
       39300.00   8.10676e-15
       39350.00   7.26847e-15
       39400.00   8.74867e-15
       39450.00   1.12107e-14
       39500.00   1.30775e-14
       39550.00   1.31326e-14
       39600.00   1.10268e-14
       39650.00   8.92013e-15
       39700.00   8.81323e-15
       39750.00   1.14682e-14
       39800.00   1.49269e-14
       39850.00   1.70879e-14
       39900.00   1.80028e-14
       39950.00   1.90546e-14
       40000.00   1.98247e-14
       40050.00   2.04708e-14
       40100.00   2.08876e-14
       40150.00   2.15003e-14
       40200.00   2.14452e-14
       40250.00   2.04723e-14
       40300.00   1.98820e-14
       40350.00   2.00409e-14
       40400.00   1.99842e-14
       40450.00   1.96068e-14
       40500.00   1.94928e-14
       40550.00   1.99291e-14
       40600.00   1.94621e-14
       40650.00   1.91051e-14
       40700.00   1.92419e-14
       40750.00   1.95600e-14
       40800.00   2.03306e-14
       40850.00   2.13795e-14
       40900.00   2.17224e-14
       40950.00   2.10001e-14
       41000.00   1.92549e-14
       41050.00   1.89709e-14
       41100.00   1.99537e-14
       41150.00   2.02316e-14
       41200.00   2.02738e-14
       41250.00   2.04637e-14
       41300.00   2.01848e-14
       41350.00   1.97200e-14
       41400.00   1.93811e-14
       41450.00   1.95727e-14
       41500.00   1.90713e-14
       41550.00   1.88743e-14
       41600.00   1.93552e-14
       41650.00   1.97261e-14
       41700.00   1.93443e-14
       41750.00   1.89755e-14
       41800.00   1.91328e-14
       41850.00   1.94810e-14
       41900.00   1.96505e-14
       41950.00   1.96314e-14
       42000.00   1.96277e-14
       42050.00   2.03672e-14
       42100.00   2.12020e-14
       42150.00   2.14157e-14
       42200.00   2.11361e-14
       42250.00   2.02025e-14
       42300.00   2.00033e-14
       42350.00   2.13179e-14
       42400.00   2.28391e-14
       42450.00   2.33532e-14
       42500.00   2.30012e-14
       42550.00   2.25529e-14
       42600.00   2.32127e-14
       42650.00   2.33811e-14
       42700.00   2.24671e-14
       42750.00   2.17205e-14
       42800.00   2.21780e-14
       42850.00   2.22188e-14
       42900.00   2.11258e-14
       42950.00   1.97639e-14
       43000.00   1.82497e-14
       43050.00   1.76670e-14
       43100.00   1.91723e-14
       43150.00   2.22052e-14
       43200.00   2.43379e-14
       43250.00   2.50423e-14
       43300.00   2.54449e-14
       43350.00   2.59597e-14
       43400.00   2.58306e-14
       43450.00   2.60085e-14
       43500.00   2.60930e-14
       43550.00   2.64378e-14
       43600.00   2.75504e-14
       43650.00   2.79229e-14
       43700.00   2.71902e-14
       43750.00   2.58839e-14
       43800.00   2.45903e-14
       43850.00   2.38080e-14
       43900.00   2.42670e-14
       43950.00   2.52982e-14
       44000.00   2.59419e-14
       44050.00   2.55788e-14
       44100.00   2.62282e-14
       44150.00   2.71573e-14
       44200.00   2.76826e-14
       44250.00   2.76544e-14
       44300.00   2.78168e-14
       44350.00   2.78831e-14
       44400.00   2.80508e-14
       44450.00   2.86091e-14
       44500.00   2.86807e-14
       44550.00   2.78674e-14
       44600.00   2.70123e-14
       44650.00   2.77837e-14
       44700.00   2.91313e-14
       44750.00   3.01650e-14
       44800.00   3.08317e-14
       44850.00   3.09070e-14
       44900.00   3.07187e-14
       44950.00   3.12610e-14
       45000.00   3.21660e-14
       45050.00   3.32991e-14
       45100.00   3.38737e-14
       45150.00   3.34222e-14
       45200.00   3.22227e-14
       45250.00   3.03262e-14
       45300.00   2.91310e-14
       45350.00   2.94996e-14
       45400.00   3.05656e-14
       45450.00   3.09068e-14
       45500.00   3.11808e-14
       45550.00   3.23330e-14
       45600.00   3.33430e-14
       45650.00   3.35199e-14
       45700.00   3.32938e-14
       45750.00   3.30162e-14
       45800.00   3.26514e-14
       45850.00   3.26331e-14
       45900.00   3.25676e-14
       45950.00   3.24212e-14
       46000.00   3.23486e-14
       46050.00   3.32291e-14
       46100.00   3.43148e-14
       46150.00   3.48681e-14
       46200.00   3.48568e-14
       46250.00   3.48077e-14
       46300.00   3.45347e-14
       46350.00   3.41687e-14
       46400.00   3.28919e-14
       46450.00   3.16283e-14
       46500.00   3.16061e-14
       46550.00   3.22924e-14
       46600.00   3.22993e-14
       46650.00   3.17046e-14
       46700.00   3.12161e-14
       46750.00   3.13191e-14
       46800.00   3.12744e-14
       46850.00   3.12159e-14
       46900.00   3.12968e-14
       46950.00   3.16145e-14
       47000.00   3.12855e-14
       47050.00   3.11984e-14
       47100.00   3.15969e-14
       47150.00   3.30550e-14
       47200.00   3.40858e-14
       47250.00   3.40659e-14
       47300.00   3.36019e-14
       47350.00   3.35495e-14
       47400.00   3.44837e-14
       47450.00   3.56064e-14
       47500.00   3.53975e-14
       47550.00   3.52916e-14
       47600.00   3.46691e-14
       47650.00   3.42348e-14
       47700.00   3.41800e-14
       47750.00   3.40092e-14
       47800.00   3.43371e-14
       47850.00   3.43257e-14
       47900.00   3.47042e-14
       47950.00   3.55233e-14
       48000.00   3.57244e-14
       48050.00   3.56168e-14
       48100.00   3.60057e-14
       48150.00   3.65840e-14
       48200.00   3.63859e-14
       48250.00   3.55719e-14
       48300.00   3.50270e-14
       48350.00   3.47132e-14
       48400.00   3.49154e-14
       48450.00   3.48954e-14
       48500.00   3.41271e-14
       48550.00   3.32561e-14
       48600.00   3.22360e-14
       48650.00   3.14013e-14
       48700.00   3.20000e-14
       48750.00   3.26770e-14
       48800.00   3.30706e-14
       48850.00   3.30502e-14
       48900.00   3.38018e-14
       48950.00   3.46628e-14
       49000.00   3.54446e-14
       49050.00   3.56854e-14
       49100.00   3.50404e-14
       49150.00   3.42646e-14
       49200.00   3.38673e-14
       49250.00   3.41875e-14
       49300.00   3.48188e-14
       49350.00   3.51372e-14
       49400.00   3.55482e-14
       49450.00   3.59561e-14
       49500.00   3.61141e-14
       49550.00   3.57815e-14
       49600.00   3.49817e-14
       49650.00   3.45653e-14
       49700.00   3.44645e-14
       49750.00   3.38595e-14
       49800.00   3.30670e-14
       49850.00   3.24332e-14
       49900.00   3.22818e-14
       49950.00   3.26525e-14
       50000.00   3.29478e-14
       50050.00   3.24611e-14
       50100.00   3.14689e-14
       50150.00   3.11277e-14
       50200.00   3.15510e-14
       50250.00   3.18787e-14
       50300.00   3.21083e-14
       50350.00   3.20171e-14
       50400.00   3.18766e-14
       50450.00   3.19200e-14
       50500.00   3.25896e-14
       50550.00   3.34689e-14
       50600.00   3.38933e-14
       50650.00   3.37393e-14
       50700.00   3.28573e-14
       50750.00   3.25408e-14
       50800.00   3.19810e-14
       50850.00   3.18066e-14
       50900.00   3.24561e-14
       50950.00   3.24358e-14
       51000.00   3.19196e-14
       51050.00   3.18446e-14
       51100.00   3.22452e-14
       51150.00   3.26138e-14
       51200.00   3.26709e-14
       51250.00   3.18679e-14
       51300.00   3.16015e-14
       51350.00   3.20454e-14
       51400.00   3.17579e-14
       51450.00   3.15045e-14