	nm	  W/sm/nm   W/sm

     3005     0.403  1.551E+1
     3015     0.445  1.596E+1
     3025     0.484  1.644E+1
     3035     0.631  1.707E+1
     3045     0.610  1.768E+1
     3055     0.580  1.826E+1
     3065     0.575  1.884E+1
     3075     0.645  1.948E+1
     3085     0.613  2.010E+1
     3095     0.484  2.034E+1
     3100     0.495  2.054E+1
     3104     0.507  2.074E+1
     3108     0.588  2.097E+1
     3112     0.707  2.126E+1
     3116     0.747  2.156E+1
     3120     0.707  2.184E+1
     3124     0.644  2.210E+1
     3128     0.663  2.236E+1
     3132     0.710  2.265E+1
     3136     0.691  2.292E+1
     3140     0.689  2.320E+1
     3144     0.722  2.349E+1
     3148     0.673  2.375E+1
     3152     0.695  2.403E+1
     3156     0.765  2.434E+1
     3160     0.675  2.461E+1
     3164     0.569  2.484E+1
     3168     0.623  2.509E+1
     3172     0.749  2.539E+1
     3176     0.830  2.572E+1
     3180     0.813  2.604E+1
     3184     0.673  2.631E+1
     3188     0.642  2.657E+1
     3192     0.768  2.688E+1
     3196     0.759  2.718E+1
     3200     0.712  2.746E+1
     3204     0.778  2.778E+1
     3208     0.844  2.811E+1
     3212     0.847  2.845E+1
     3216     0.736  2.875E+1
     3220     0.695  2.902E+1
     3224     0.773  2.933E+1
     3228     0.758  2.964E+1 
     3232     0.646  2.989E+1
     3236     0.603  3.014E+1
     3240     0.604  3.038E+1
     3244     0.618  3.063E+1
     3248     0.654  3.089E+1
     3252     0.646  3.115E+1
     3256     0.682  3.142E+1
     3260     0.852  3.176E+1
     3264     1.049  3.218E+1
     3268     1.111  3.262E+1
     3272     1.108  3.307E+1
     3276     1.050  3.349E+1
     3280     0.965  3.387E+1
     3284     0.914  3.424E+1
     3288     0.913  3.460E+1
     3292     0.952  3.498E+1
     3296     1.043  3.540E+1
     3300     1.144  3.586E+1
     3304     1.137  3.597E+1
     3305     1.006  3.698E+1
     3315     0.968  3.795E+1
     3325     0.921  3.887E+1
     3335     0.905  3.977E+1
     3345     0.940  4.071E+1
     3355     0.982  4.169E+1
     3365     0.765  4.246E+1
     3375     0.866  4.332E+1
     3385     0.916  4.424E+1
     3395     0.937  4.517E+1
     3405     0.992  4.617E+1
     3415     0.936  4.710E+1
     3425     0.995  4.810E+1
     3435     0.985  4.908E+1
     3445     0.719  4.980E+1
     3455     0.967  5.077E+1
     3465     0.919  5.169E+1
     3475     0.902  5.259E+1
     3485     0.948  5.354E+1
     3495     0.865  5.440E+1
     3505     1.119  5.552E+1
     3515     0.993  5.651E+1
     3525     0.871  5.738E+1
     3535     1.115  5.850E+1
     3545     1.133  5.963E+1
     3555     1.058  6.069E+1
     3565     0.938  6.163E+1
     3575     0.891  6.252E+1
     3585     0.627  6.314E+1
     3595     1.136  6.428E+1
     3605     0.979  6.526E+1
     3615     0.894  6.615E+1
     3625     1.175  6.733E+1
     3635     0.958  6.829E+1
     3645     1.015  6.930E+1
     3655     1.263  7.056E+1
     3665     1.249  7.181E+1
     3675     1.214  7.303E+1
     3685     1.088  7.412E+1
     3695     1.331  7.545E+1
     3705     1.075  7.652E+1
     3715     1.307  7.783E+1
     3725     1.065  7.889E+1
     3735     0.838  7.973E+1
     3745     0.878  8.061E+1
     3755     1.141  8.175E+1
     3765     1.101  8.285E+1
     3775     1.291  8.414E+1
     3785     1.341  8.549E+1
     3795     1.000  8.649E+1
     3805     1.289  8.777E+1
     3815     1.096  8.887E+1
     3825     0.733  8.960E+1
     3835     0.684  9.029E+1
     3845     1.027  9.131E+1
     3855     0.954  9.227E+1
     3865     1.071  9.334E+1
     3875     0.966  9.430E+1
     3885     0.912  9.522E+1
     3895     1.227  9.644E+1
     3905     1.223  9.767E+1
     3915     1.398  9.906E+1
     3925     0.955  1.000E+2
     3935     0.489  1.005E+2
     3945     1.101  1.016E+2
     3955     1.378  1.030E+2
     3965     0.650  1.036E+2
     3975     1.040  1.047E+2
     3985     1.538  1.062E+2
     3995     1.655  1.079E+2
     4005     1.649  1.095E+2
     4015     1.796  1.113E+2
     4025     1.803  1.131E+2
     4035     1.658  1.148E+2
     4045     1.602  1.164E+2
     4055     1.672  1.180E+2
     4065     1.624  1.197E+2
     4075     1.545  1.212E+2
     4085     1.824  1.230E+2
     4095     1.706  1.247E+2
     4105     1.502  1.263E+2
     4115     1.819  1.281E+2
     4125     1.791  1.299E+2
     4135     1.758  1.316E+2
     4145     1.739  1.334E+2
     4155     1.736  1.351E+2
     4165     1.844  1.369E+2
     4175     1.667  1.386E+2
     4185     1.686  1.403E+2
     4195     1.703  1.420E+2
     4205     1.760  1.438E+2
     4215     1.799  1.456E+2
     4225     1.584  1.471E+2
     4235     1.713  1.488E+2
     4245     1.770  1.506E+2
     4255     1.697  1.523E+2
     4265     1.700  1.540E+2
     4275     1.571  1.556E+2
     4285     1.589  1.572E+2
     4295     1.477  1.587E+2
     4305     1.136  1.598E+2
     4315     1.688  1.615E+2
     4325     1.648  1.631E+2
     4335     1.733  1.649E+2
     4345     1.672  1.665E+2
     4355     1.725  1.683E+2
     4365     1.931  1.702E+2
     4375     1.808  1.720E+2
     4385     1.569  1.736E+2
     4395     1.827  1.754E+2
     4405     1.715  1.771E+2
     4415     1.933  1.790E+2
     4425     1.982  1.810E+2
     4435     1.911  1.829E+2
     4445     1.975  1.849E+2
     4455     1.823  1.867E+2
     4465     1.893  1.886E+2
     4475     2.079  1.907E+2
     4485     1.975  1.927E+2
     4495     2.029  1.947E+2
     4505     2.146  1.968E+2
     4515     2.111  1.990E+2
     4525     1.943  2.009E+2
     4535     1.972  2.029E+2
     4545     1.981  2.049E+2
     4555     2.036  2.069E+2
     4565     2.079  2.090E+2
     4575     2.102  2.111E+2
     4585     1.973  2.130E+2
     4595     2.011  2.151E+2
     4605     2.042  2.171E+2
     4615     2.057  2.192E+2
     4625     2.106  2.213E+2
     4635     2.042  2.233E+2
     4645     1.978  2.253E+2
     4655     2.044  2.273E+2
     4665     1.923  2.293E+2
     4675     2.017  2.313E+2
     4685     1.996  2.333E+2
     4695     1.992  2.353E+2
     4705     1.879  2.371E+2
     4715     2.020  2.392E+2
     4725     2.043  2.412E+2
     4735     1.993  2.432E+2
     4745     2.053  2.452E+2
     4755     2.018  2.473E+2
     4765     1.958  2.492E+2
     4775     2.077  2.513E+2
     4785     2.011  2.533E+2
     4795     2.078  2.554E+2
     4805     2.037  2.574E+2
     4815     2.092  2.595E+2
     4825     2.025  2.615E+2
     4835     2.021  2.636E+2
     4845     1.971  2.655E+2
     4855     1.832  2.674E+2
     4865     1.627  2.690E+2
     4875     1.832  2.708E+2
     4885     1.916  2.727E+2
     4895     1.962  2.747E+2
     4905     2.009  2.767E+2
     4915     1.898  2.786E+2
     4925     1.898  2.805E+2
     4935     1.890  2.824E+2
     4945     2.060  2.845E+2
     4955     1.928  2.864E+2
     4965     2.019  2.884E+2
     4975     2.020  2.904E+2
     4985     1.868  2.923E+2
     4995     1.972  2.943E+2
     5005     1.859  2.961E+2
     5015     1.814  2.979E+2
     5025     1.896  2.998E+2
     5035     1.936  3.018E+2
     5045     1.871  3.036E+2
     5055     1.995  3.056E+2
     5065     1.963  3.076E+2
     5075     1.908  3.095E+2
     5085     1.921  3.114E+2
     5095     1.918  3.134E+2
     5105     1.949  3.153E+2
     5115     1.999  3.173E+2
     5125     1.869  3.192E+2
     5135     1.863  3.210E+2
     5145     1.876  3.229E+2
     5155     1.902  3.248E+2
     5165     1.671  3.265E+2
     5175     1.728  3.282E+2
     5185     1.656  3.299E+2
     5195     1.830  3.317E+2
     5205     1.833  3.335E+2
     5215     1.908  3.354E+2
     5225     1.825  3.373E+2
     5235     1.896  3.392E+2
     5245     1.960  3.411E+2
     5255     1.932  3.431E+2
     5265     1.676  3.447E+2
     5275     1.830  3.466E+2
     5285     1.899  3.485E+2
     5295     1.920  3.504E+2
     5305     1.954  3.523E+2
     5315     1.965  3.543E+2
     5325     1.773  3.561E+2
     5335     1.925  3.580E+2
     5345     1.860  3.599E+2
     5355     1.992  3.619E+2
     5365     1.873  3.637E+2
     5375     1.884  3.656E+2
     5385     1.906  3.675E+2
     5395     1.834  3.694E+2
     5405     1.772  3.711E+2
     5415     1.883  3.730E+2
     5425     1.827  3.748E+2
     5435     1.881  3.767E+2
     5445     1.881  3.786E+2
     5455     1.903  3.805E+2
     5465     1.881  3.824E+2 
     5475     1.835  3.842E+2
     5485     1.865  3.861E+2
     5495     1.897  3.880E+2
     5505     1.864  3.898E+2
     5515     1.873  3.917E+2
     5525     1.848  3.936E+2
     5535     1.884  3.954E+2
     5545     1.900  3.973E+2
     5555     1.899  3.992E+2
     5565     1.823  4.011E+2
     5575     1.848  4.029E+2
     5585     1.789  4.047E+2
     5595     1.810  4.065E+2
     5605     1.845  4.084E+2
     5615     1.826  4.102E+2
     5625     1.852  4.120E+2
     5635     1.863  4.139E+2
     5645     1.856  4.158E+2
     5655     1.800  4.176E+2
     5665     1.831  4.194E+2
     5675     1.889  4.213E+2
     5685     1.812  4.231E+2
     5695     1.862  4.250E+2
     5705     1.772  4.267E+2
     5715     1.825  4.286E+2
     5725     1.894  4.305E+2
     5735     1.878  4.323E+2
     5745     1.869  4.342E+2
     5755     1.832  4.360E+2
     5765     1.848  4.379E+2
     5775     1.859  4.397E+2
     5785     1.786  4.415E+2
     5795     1.830  4.434E+2
     5805     1.840  4.452E+2
     5815     1.855  4.471E+2
     5825     1.875  4.489E+2
     5835     1.859  4.508E+2
     5845     1.862  4.526E+2
     5855     1.786  4.544E+2
     5865     1.832  4.563E+2
     5875     1.850  4.581E+2
     5885     1.752  4.599E+2
     5895     1.614  4.615E+2
     5905     1.815  4.633E+2
     5915     1.789  4.651E+2
     5925     1.810  4.669E+2
     5935     1.798  4.687E+2
     5945     1.776  4.705E+2
     5955     1.785  4.723E+2
     5965     1.807  4.741E+2
     5975     1.783  4.758E+2
     5985     1.760  4.776E+2
     5995     1.777  4.794E+2
     6005     1.748  4.811E+2
     6015     1.753  4.829E+2
     6025     1.721  4.846E+2
     6035     1.789  4.864E+2
     6045     1.779  4.882E+2
     6055     1.766  4.899E+2
     6065     1.762  4.917E+2
     6075     1.760  4.935E+2
     6085     1.745  4.952E+2
     6095     1.746  4.969E+2
     6105     1.705  4.987E+2
     6115     1.748  5.004E+2
     6125     1.707  5.021E+2
     6135     1.685  5.038E+2
     6145     1.715  5.055E+2
     6155     1.715  5.072E+2
     6165     1.611  5.088E+2
     6175     1.709  5.105E+2
     6185     1.726  5.123E+2
     6195     1.709  5.140E+2
     6205     1.736  5.157E+2
     6215     1.692  5.174E+2
     6225     1.715  5.191E+2
     6235     1.668  5.208E+2
     6245     1.658  5.224E+2
     6255     1.634  5.241E+2
     6265     1.699  5.258E+2
     6275     1.699  5.275E+2
     6285     1.699  5.292E+2
     6295     1.679  5.317E+2
     6310     1.641  5.350E+2
     6330     1.653  5.383E+2
     6350     1.658  5.416E+2
     6370     1.656  5.449E+2
     6390     1.653  5.482E+2
     6410     1.616  5.514E+2
     6430     1.623  5.547E+2
     6450     1.629  5.579E+2
     6470     1.605  5.612E+2
     6490     1.560  5.643E+2
     6510     1.608  5.675E+2
     6530     1.601  5.707E+2
     6550     1.534  5.738E+2 
     6570     1.386  5.765E+2
     6590     1.551  5.796E+2
     6610     1.573  5.828E+2
     6630     1.557  5.859E+2
     6650     1.562  5.890E+2
     6670     1.537  5.921E+2
     6690     1.548  5.952E+2
     6710     1.518  5.982E+2
     6730     1.523  6.013E+2
     6750     1.512  6.043E+2
     6770     1.510  6.073E+2
     6790     1.500  6.103E+2
     6810     1.494  6.133E+2
     6830     1.481  6.163E+2
     6850     1.457  6.192E+2
     6870     1.469  6.221E+2
     6890     1.463  6.250E+2
     6910     1.450  6.279E+2
     6930     1.450  6.308E+2
     6950     1.438  6.337E+2
     6970     1.418  6.365E+2
     6990     1.427  6.394E+2
     7010     1.388  6.422E+2
     7030     1.390  6.450E+2
     7050     1.417  6.478E+2
     7070     1.402  6.506E+2
     7090     1.386  6.534E+2
     7110     1.387  6.561E+2
     7130     1.375  6.589E+2
     7150     1.368  6.616E+2
     7170     1.355  6.643E+2
     7190     1.329  6.670E+2
     7210     1.332  6.697E+2
     7230     1.349  6.724E+2
     7250     1.351  6.751E+2
     7270     1.347  6.778E+2
     7290     1.320  6.804E+2
     7310     1.327  6.830E+2
     7330     1.319  6.857E+2
     7350     1.310  6.883E+2
     7370     1.308  6.909E+2
     7390     1.279  6.935E+2
     7410     1.259  6.960E+2
     7430     1.287  6.986E+2
     7450     1.280  7.011E+2
     7470     1.284  7.037E+2
     7490     1.271  7.062E+2
     7510     1.263  7.088E+2
     7530     1.260  7.113E+2
     7550     1.256  7.138E+2
     7570     1.249  7.163E+2
     7590     1.241  7.188E+2
     7610     1.238  7.213E+2
     7630     1.242  7.237E+2
     7650     1.222  7.262E+2
     7670     1.186  7.286E+2
     7690     1.204  7.310E+2
     7710     1.205  7.334E+2
     7730     1.209  7.358E+2
     7750     1.189  7.382E+2
     7770     1.197  7.406E+2
     7790     1.188  7.430E+2
     7810     1.188  7.453E+2
     7830     1.177  7.477E+2
     7850     1.181  7.500E+2
     7870     1.178  7.524E+2
     7890     1.175  7.548E+2
     7910     1.159  7.571E+2
     7930     1.144  7.594E+2
     7950     1.135  7.616E+2
     7970     1.153  7.639E+2
     7990     1.136  7.662E+2
     8010     1.143  7.685E+2
     8030     1.130  7.708E+2
     8050     1.116  7.730E+2
     8070     1.121  7.752E+2
     8090     1.096  7.774E+2
     8110     1.115  7.797E+2
     8130     1.116  7.819E+2
     8150     1.108  7.841E+2
     8170     1.105  7.863E+2
     8190     1.065  7.884E+2
     8210     1.081  7.906E+2
     8230     1.074  7.928E+2
     8250     1.076  7.949E+2
     8270     1.077  7.971E+2
     8290     1.073  7.992E+2
     8310     1.069  8.014E+2
     8330     1.034  8.034E+2
     8350     1.053  8.055E+2
     8370     1.052  8.076E+2
     8390     1.042  8.097E+2
     8410     1.045  8.118E+2
     8430     1.028  8.139E+2 
     8450     1.033  8.159E+2
     8470     1.025  8.180E+2
     8490     0.971  8.199E+2
     8510     1.003  8.219E+2
     8530     0.973  8.239E+2
     8550     0.877  8.256E+2
     8570     1.011  8.276E+2
     8590     0.997  8.296E+2
     8610     0.997  8.316E+2
     8630     0.999  8.336E+2
     8650     0.970  8.356E+2
     8670     0.880  8.373E+2
     8690     0.967  8.393E+2
     8710     0.986  8.412E+2
     8730     0.978  8.432E+2
     8750     0.981  8.451E+2
     8770     0.984  8.471E+2
     8790     0.959  8.490E+2
     8810     0.960  8.509E+2
     8830     0.948  8.528E+2
     8850     0.963  8.548E+2
     8870     0.947  8.567E+2
     8890     0.949  8.586E+2
     8910     0.944  8.605E+2
     8930     0.934  8.623E+2 
     8950     0.936  8.642E+2
     8970     0.939  8.661E+2
     8990     0.912  8.679E+2
     9010     0.905  8.697E+2
     9030     0.905  8.715E+2
     9050     0.893  8.733E+2
     9070     0.891  8.751E+2
     9090     0.861  8.768E+2
     9110     0.870  8.785E+2
     9130     0.876  8.803E+2
     9150     0.866  8.820E+2
     9170     0.859  8.837E+2
     9190     0.858  8.855E+2
     9210     0.830  8.871E+2
     9230     0.821  8.888E+2
     9250     0.825  8.904E+2
     9270     0.828  8.921E+2
     9290     0.833  8.937E+2
     9310     0.826  8.954E+2
     9330     0.832  8.971E+2
     9350     0.818  8.987E+2
     9370     0.802  9.003E+2
     9390     0.808  9.019E+2
     9410     0.800  9.035E+2
     9430     0.784  9.051E+2
     9450     0.799  9.067E+2
     9470     0.793  9.083E+2
     9490     0.777  9.098E+2
     9510     0.778  9.114E+2
     9530     0.771  9.129E+2
     9550     0.760  9.144E+2
     9570     0.774  9.160E+2
     9590     0.771  9.175E+2
     9610     0.767  9.191E+2
     9630     0.767  9.206E+2
     9650     0.764  9.221E+2
     9670     0.757  9.236E+2
     9690     0.776  9.252E+2
     9710     0.763  9.267E+2
     9730     0.764  9.282E+2
     9750     0.750  9.297E+2
     9770     0.768  9.313E+2
     9790     0.768  9.328E+2
     9810     0.762  9.343E+2
     9830     0.766  9.359E+2
     9850     0.771  9.374E+2
     9870     0.756  9.389E+2
     9890     0.767  9.405E+2
     9910     0.764  9.420E+2
     9930     0.755  9.435E+2
     9950     0.756  9.450E+2
     9970     0.743  9.465E+2
     9990     0.743  9.491E+2
    10025     0.745  9.528E+2
    10075     0.737  9.565E+2
    10125     0.734  9.602E+2
    10175     0.721  9.638E+2
    10225     0.704  9.673E+2
    10275     0.708  9.708E+2
    10325     0.688  9.743E+2
    10375     0.692  9.777E+2
    10425     0.681  9.811E+2
    10475     0.685  9.846E+2
    10525     0.661  9.879E+2
    10575     0.650  9.911E+2
    10625     0.642  9.943E+2
    10675     0.643  9.975E+2
    10725     0.638  1.001E+3
    10775     0.630  1.004E+3
    10825     0.620  1.007E+3
    10875     0.614  1.010E+3
    10925     0.612  1.013E+3
    10975     0.599  1.016E+3
    11025     0.608  1.019E+3
    